0.0 2
0.1 3
0.2 4
0.3 4
0.4 4
0.5 5
0.6 6
0.7 6
0.8 7
0.9 7
1.0 7
1.1 7
1.2 8
1.3 9
1.4 10
1.5 10
1.6 10
1.7 11
1.8 11
1.9 12
2.0 12
2.1 13
2.2 16
2.3 16
2.4 16
2.5 16
2.6 17
2.7 19
2.8 20
2.9 22
3.0 23
3.1 24
3.2 31
3.3 31
3.4 32
3.5 34
3.6 35
3.7 37
3.8 41
3.9 44
4.0 47
4.1 51
4.2 51
4.3 53
4.4 55
4.5 59
4.6 60
4.7 62
4.8 62
4.9 67
5.0 72
5.1 72
5.2 73
5.3 75
5.4 80
5.5 82
5.6 86
5.7 87
5.8 89
5.9 94
6.0 98
6.1 103
6.2 110
6.3 113
6.4 114
6.5 116
6.6 116
6.7 115
6.8 119
6.9 119
7.0 113
7.1 110
7.2 113
7.3 110
7.4 113
7.5 110
7.6 107
7.7 105
7.8 103
7.9 101