        134                        2  
        135                        3  
        136                        4  
        137                        4  
        138                        4  
        139                        5  
        140                        6  
        141                        6  
        142                        7  
        143                        7  
        144                        7  
        145                        7  
        146                        8  
        147                        9  
        148                       10  
        149                       10  
        150                       10  
        151                       11  
        152                       11  
        153                       12  
        154                       12  
        155                       13  
        156                       16  
        157                       16  
        158                       16  
        159                       16  
        160                       17  
        161                       19  
        162                       20  
        163                       22  
        164                       23  
        165                       24  
        166                       31  
        167                       31  
        168                       32  
        169                       34  
        170                       35  
        171                       37  
        172                       41  
        173                       44  
        174                       47  
        175                       51  
        176                       51  
        177                       53  
        178                       55  
        179                       59  
        180                       60  
        181                       62  
        182                       62  
        183                       67  
        184                       72  
        185                       72  
        186                       73  
        187                       75  
        188                       80  
        189                       82  
        190                       86  
        191                       87  
        192                       89  
        193                       94  
        194                       98  
        195                      103  
        196                      110  
        197                      113  
        198                      114  
        199                      116  
        200                      116  
        201                      115  
        202                      119  
        203                      119  
        204                      113  
        205                      110  
        206                      113  
        207                      110  
        208                      113  
        209                      110  
        210                      107  
        211                      105  
        212                      103  
        213                      101  