134 1.0
135 2.5
136 3.5
137 4.0
138 4.0
139 4.5
140 5.5
141 6.0
142 6.5
143 7.0
144 7.0
145 7.0
146 7.5
147 8.5
148 9.5
149 10.0
150 10.0
151 10.5
152 11.0
153 11.5
154 12.0
155 12.5
156 14.5
157 16.0
158 16.0
159 16.0
160 16.5
161 18.0
162 19.5
163 21.0
164 22.5
165 23.5
166 27.5
167 31.0
168 31.5
169 33.0
170 34.5
171 36.0
172 39.0
173 42.5
174 45.5
175 49.0
176 51.0
177 52.0
178 54.0
179 57.0
180 59.5
181 61.0
182 62.0
183 64.5
184 69.5
185 72.0
186 72.5
187 74.0
188 77.5
189 81.0
190 84.0
191 86.5
192 88.0
193 91.5
194 96.0
195 100.5
196 106.5
197 111.5
198 113.5
199 115.0
200 116.0
201 115.5
202 117.0
203 119.0
204 116.0
205 111.5
206 111.5
207 111.5
208 111.5
209 111.5
210 108.5
211 106.0
212 104.0
